225
2
4
1
5
63
4
345
45
5
433
33
45
56
7
34
23
4
4
23
46
6754
64
3
4
4
34
63
65
5
978
67
45
23
423
34
465
756
34
423
1
23
3
5
6
5
4
3
325
6
7
8
9
54
3
23
4
5
6
8
65
34
23
4
5
534
654
75
96
796
3
23
43
45
7
56
3
3
4
5
7
867
78
54
3
44
24
4
33
2
5
3
67
89
897
789
12
1
3
34
6
9
0
0
7
4
3
22
1
34
4
6
8
7
5
3
5
6
8
0
8
6
4
4
6
7
8
6
23
5
7
8
6
4
3
4
6
8
0
8
64
36
4
234
45
56
567
867
98
87
654
523
234
345
6
76
86
578
45
3
34
6
7
65
54
524
34
2345
54
57
86
7
45
3
2
3
5
65
567
867
57
34
2
3
5
5
4
54
47
65
574
534
23
2
2
3
5
56
5
543
6453
1
24
2
43
53
64
76
6
56
5
4
34
34
46
6
364
6
6
46
457
34
45
64
